1508.4734149619899 21.95048648176863 0.9167418097230895 1.992875767492321
1685.2353223537825 11.642508438587821 0.4352377510142488 1.0312395718098382
2049.3853305309317 15.276443270222563 0.4696119913060418 1.3008506635632755
1932.2477766010516 6.978300561687187 0.22752409950220542 0.7654101148655678
1657.6384088407706 6.613759799865392 0.2513617355686791 0.7477829601060038
1816.279828146411 5.604210820428822 0.19438925446159558 0.7010569626105888
970.2158402794706 11.062677691237568 0.7183439659645329 0.993722421845832
1784.1998179230784 5.740532979721831 0.20269791202168322 0.7071918206119746
1564.336140457595 8.780583489447228 0.3536175797059587 0.8588563544846215
1657.7191328985032 10.06898395121479 0.3826619216352923 0.9325731955139931
2177.7593120818683 10.632055786414515 0.30757279320449255 0.9667456548736467
1484.6615884368146 17.201276428168356 0.7299174595845795 1.471144833056811
1922.63818347422 10.970585757817496 0.3594784024800731 0.9878906487728439
2520.5342246302057 8.156421707502133 0.2038673240582652 0.8252690287229292
1844.4169932206098 21.397565801819184 0.7308795410525527 1.9236793980632882
1415.3610366321561 4.403010634457695 0.195985096940977 0.6492490868270611
2153.334901198696 12.368335849946021 0.36185971727520855 1.0802058126046565
1439.114484193729 19.84668531987371 0.8688267604036755 1.7421461555290694
1518.6653009743845 16.79157798713962 0.6965783787323387 1.4331226083091384
1818.0780968321565 5.0982941640415795 0.17666597100216416 0.6787509879212631
1279.9251158522 6.361426994034899 0.31311980338580825 0.7358198698837511
1543.10272934717 16.48402328113457 0.6729904930897415 1.40522700854939
1638.1741322636108 8.43767579898529 0.32449149627430074 0.8402381074875972
1750.9642421237193 5.245775125125559 0.18874390746099481 0.6851791421475634
1527.5788510296338 16.311687746153872 0.6727222803032631 1.3898340123983175
1451.0432830825853 16.69047732696943 0.7246510726856302 1.4238920838974742
2399.9822391663574 12.199499009981745 0.32023921889347606 1.0686120599834597
1390.474141494388 11.169735975393236 0.5060815914875566 1.0005452345748047
1991.1220766846848 12.163692080699168 0.38486470018955105 1.0661692948579582
2410.636986710875 5.303396766286399 0.1385998796657955 0.6877071657684392
1810.131146344891 5.916811473438074 0.20592934582629155 0.7152044816796677
1465.05518344038 6.1295023386856595 0.26357959188293684 0.724993196536872
1868.1669355605513 10.335983230406612 0.34855929152831894 0.9486239436748779
1880.161867356804 5.784409493661845 0.19382256625223832 0.7091777776425552
2206.495081245821 11.509694395249666 0.3286255895441744 1.0225228534179192
1971.0087188386508 24.96566772323755 0.7979858493425164 2.4164244938254105
1363.512749684338 10.471522382348734 0.4838281932022246 0.9568773402777215
1507.3494044551608 6.2849346714331515 0.26268022737794294 0.7322313149243341
1631.1832295356119 7.575050747292551 0.2925656593559356 0.7951669376221638
1872.5117582597852 3.994520099226552 0.13439422483795113 0.6325178587595963
1410.0775043890612 16.12701913331304 0.7205293341935279 1.3735265262645704
1467.909213220841 5.550123782703864 0.23820124239368667 0.69863767509814
1744.3716424349511 23.19953961154372 0.8378782135480385 2.1584920317058454
2379.127646006765 6.205825984430483 0.16433209780708366 0.7285384243767634
1299.7353721698564 13.298479490268498 0.6445959891729612 1.1463696966320442
1907.4155857855253 9.412606877615438 0.31088884756363233 0.894259856863717
1870.7313735720288 12.796641628731663 0.43094825585286206 1.110184299319045
2624.338792941994 14.167179686001234 0.340097979200891 1.2118179647458729
1888.3946892186343 12.794391458776552 0.4268422626397253 1.1100246487059968
1186.8318540331568 7.37351190206852 0.39140443378876405 0.7849900630570824
1643.596633848593 5.052797172476217 0.1936766085487893 0.6767801391986336
1552.2248890143346 15.678846030139198 0.6363557928297384 1.3347410536455264
1577.6249624139928 11.206265878883721 0.4475048044938394 1.002883984313912
1470.1782647303712 9.201703757364866 0.39431091495581605 0.8822865419551801
1921.757164198264 27.942521904088835 0.9160256627387193 2.922822084008469
1736.5519797416948 12.731741602445943 0.46189214622495994 1.1055888184741045
1678.8373331152507 7.989751598403862 0.2998231816571645 0.8165245567813488
1638.602788884209 6.612551932571833 0.2542353611125604 0.7477252343752246
1740.9124890090216 14.851394086520937 0.5374410450598879 1.2659870569882117
2273.0258573350475 20.921892217921005 0.5798786694289402 1.866075989163015
1608.368104339259 14.695518900750145 0.5756254978256975 1.253437276406764
1498.743173707358 6.154966950878304 0.25872539385526977 0.7261741040225587
1734.300699397726 2.9265632628500295 0.10630998743388596 0.5907847762108872
1600.3436965157332 16.644420886794027 0.655233321536512 1.4197068491991287
1797.7307655050547 9.14272039283012 0.32039913640042667 0.8789667393304594
1880.804964664458 6.5121283080693 0.21813217803875715 0.7429413976103667
1711.1843239994723 6.735824484218448 0.24799019985990303 0.7536396496379691
1683.5018987871947 12.694074868025291 0.47503760896362607 1.1029304182327069
2546.511647571733 8.402649447945453 0.2078792436411394 0.8383592118379937
1558.390872667961 12.073521492316184 0.4880879805935464 1.0600425238234923
1773.2063187556807 15.994722218596698 0.5682742550109491 1.3619615863281935
1469.6020012041815 18.191667123654057 0.7798540202388945 1.5672775331331525
2020.058460594783 7.2240346231486745 0.22529752981721304 0.7775262994631569
1508.8966701211077 7.8995854843380835 0.3298263528365762 0.8118326082256506
2314.3098122901492 11.885732628738428 0.3235526858305704 1.0473957166264556
1569.7432647288117 6.956761887073348 0.2792023439331892 0.7643571698408443
2259.342155783049 6.511867220801976 0.18157835627527597 0.7429290002837152
1521.83911987198 8.878770300732867 0.36755693925992994 0.8642630076971225
2188.7251046725055 11.97558087049216 0.34470367851603484 1.0534276891942251
1695.543570779992 5.772107045486601 0.21446971350808236 0.7086203771479789
1688.6286553591926 13.422765092407293 0.5007816242711944 1.1555121549091656
1505.5131902354215 7.866406735245985 0.3291791978541226 0.810112889093327
1802.01615695172 5.545879893423948 0.19388862410464489 0.698448201559703
1718.366367037006 6.279123877552953 0.23020981548186745 0.7319594241057925
1527.2323199594052 8.276121430469534 0.3413990414591539 0.8316068856768725
1827.0649409836467 17.245083691277802 0.5946369218630997 1.4752696159463305
2137.4151877888125 11.949801923538866 0.3522186636849765 1.051693471581952
1890.5891890551727 12.43635840343406 0.41441608994278517 1.084912282200468
1464.6350289930874 14.068385820068919 0.6051393617655482 1.2041903564194012
1682.7271084512215 6.359251304517306 0.2380854448546514 0.7357175571586839
1988.6726192186488 7.415687281565334 0.23492469007904113 0.7871089122232001
1645.0107398458538 10.604468745427829 0.4061259387428413 0.9650426105452579
1608.4067944784983 15.177878142961337 0.5945052745916805 1.2926815502820435
1715.9704647140663 13.712311281209914 0.5034326805037247 1.177094989449768
1861.1320323921825 6.113334479547518 0.20693860806665001 0.72424441781136
2533.4560269663784 11.247255635352811 0.27968794306475275 1.0055147759676717
2082.9564815548288 9.134753688391367 0.27628492840094304 0.8785193022202282
1116.5978842282393 6.195569842699655 0.3495626362930617 0.7280610209197391
1519.0283026784123 7.887599372335323 0.327129362620129 0.8112109239257718
1939.4550565962509 5.6448595770129195 0.1833639568714414 0.7028806746245534
1812.628380673163 14.86964286681464 0.5168116700575017 1.2674644900625927
1881.8226221058414 6.687580044387143 0.22388802103192776 0.7513194089917256
2028.3708478222866 17.718643879878 0.5503306092329106 1.520603917588806
1552.4236989543176 12.544351488218322 0.5090711667762359 1.0924264630709206
1349.4586690261187 6.526727765402953 0.30470281058487725 0.7436349596645732
1813.6408402095396 12.015651341190047 0.4173847532058852 1.0561290141521387
1844.4597290783208 15.213236080018703 0.5196285166497558 1.295606111365866
1746.6472565419092 11.23685967376304 0.4053034502505375 1.0048468931565369
2485.189638739443 6.141729440519061 0.15569393527206316 0.7255599818437183
2039.1894338831976 17.855582857026672 0.5516415990105182 1.533970996416779
2160.0192403699402 12.608328125560485 0.3677396279925122 1.0969024957346458
2146.9600049428495 22.998976608479857 0.6748777448105283 2.1309996649098246
1848.4792470532798 15.004339927038526 0.5113789710705803 1.278423115493715
2044.4776051374738 11.768802814462717 0.36265233497693217 1.0395973139171255
1796.7379326181072 8.283674321062396 0.2904549810814584 0.832008424475172
2214.8375536300555 20.002194093240707 0.5689528903864006 1.7595478256407524
913.4956806178997 9.613712421414526 0.6630177847578181 0.905828255583852
1709.6878099600715 24.755557600798337 0.9122133992911364 2.3841916332044595
1808.9485563009207 6.552293620048511 0.2281958194030518 0.744851051569015
1043.4115368820535 16.679256745820332 1.0070745222222535 1.4228713133597342
1404.6950339520395 19.42964436941611 0.8714116343313053 1.696323567315608
2698.68085121057 13.027746547291397 0.3041293423456087 1.1267041853797959
1481.5706427172074 17.64797134070706 0.7504348172190141 1.5137509646384493
1816.2819728666607 6.684480689323472 0.23185952936741214 0.7511705948023399
2298.3554623534988 7.142296086310228 0.19577678945135144 0.773474952474907
1750.8977247379512 5.248541571499251 0.18885061893260552 0.6853003012930539
1307.389314459737 4.550011013308334 0.21925427312894938 0.6553777107957044
1965.7523256426257 6.057412241605439 0.19413278379125812 0.7216604611520505
2180.2319923195155 12.367833779817033 0.35738101765010905 1.0801711504670446
1789.6381810616606 21.197688081725026 0.7462147171873869 1.8992609854855582
1874.039448208503 15.218135348795965 0.5115914330889141 1.2960118661668798
1991.2594006650834 12.552061783854882 0.3971255036479607 1.0929649332687341
1882.1999749513154 6.226645582612187 0.2084149808336462 0.7295084991283621
1633.7599832677638 3.5829346946722467 0.13816281955496798 0.6160959185623228
1863.4852743828794 11.672303782469662 0.3946127980748935 1.0332052525033926
1723.3069486827535 12.083527362705441 0.4417449975654829 1.0607206467881596
2264.3488912572043 16.896725108585382 0.47011027582849857 1.442786059649002
1836.1096968994864 7.0895952707303 0.24325589196017378 0.7708740516099235
1879.6870074042354 6.287532428118598 0.21073430917548788 0.7323528983119707
1785.6088526423775 7.680707113174696 0.27099134696489907 0.800554751536556
1715.729772583011 6.960062309503319 0.25556700857302067 0.7645184210932763
2098.5627116665532 14.849862065421169 0.4458009784127836 1.2658631019547593
1331.2879320479067 7.0962165055369475 0.3358113816604026 0.7712003430870634
2091.805581455574 9.085012963317595 0.2736180751036801 0.8757308404958295
2087.2964369026436 11.569543433183535 0.3491987162935781 1.0264416480037688
1612.4341564944275 14.754069479321132 0.5764616021395003 1.2581366293899594
1715.7286136074097 10.344352908276862 0.3798352653519142 0.94913153057695
1814.8760868256295 20.11938958800235 0.6984066588596411 1.7727769449801558
1556.252089451107 11.906287277624733 0.4819888137499102 1.0487726013257899
1738.2935497739245 19.498242208584024 0.7066638769387097 1.7037771133521502
1874.5662070607132 9.135412506565267 0.30702089141787864 0.8785562950402165
1606.8141755094787 10.674084227588386 0.41850969240101865 0.9693459961783711
1916.3540785038515 16.4046022825636 0.53930009876274 1.3981120649440562
1239.336981240538 15.561509734875063 0.7910480588708034 1.3247687989716246
1885.149679647741 6.487827183585375 0.21681732595485706 0.74178838216937
1474.7719049404711 13.626898428581136 0.5821202574612814 1.1706867123501703
1663.5165772131897 14.706974670660891 0.5569763577612336 1.2543553495964355
1816.4259128206156 7.448405258179735 0.2583367303633401 0.7887565693573365
1438.4820531150485 8.992480835377668 0.3938361910056328 0.8705670213054816
1768.7348850067626 15.465011822981946 0.550843290934547 1.3166234282398903
1639.4482649361555 5.855848095061557 0.22502596628338542 0.7124232007482382
1886.226964802676 10.450984352202072 0.34906298471754116 0.9556221156084038
1910.8567574983103 23.373747008406887 0.7706208514852197 2.1826593496813684
1560.2111369268482 8.296598954778784 0.3350096161860495 0.8326959942431037
1261.6476548385713 4.138104362523418 0.20663500925885062 0.6383491579667966
1461.1919361567184 16.6866811061167 0.7194543602878194 1.4235466481508017
1930.1888286292703 8.021594696947862 0.2618191849481372 0.8181880383789588
1790.9523092781528 7.029037365704055 0.24725915466606635 0.7678961832291318
1333.9615278275874 8.622437188598653 0.4072182979417415 0.8502190548271239
1674.0592047492548 19.195274136311546 0.7223772415915005 1.6711030556227293
1777.7400249241364 14.381608478832286 0.5096590735786007 1.2285400823935522
1800.4778166465912 6.734969770077585 0.23566138476793722 0.7535984812195594
1762.5534863423873 6.132857051049367 0.21921036564847557 0.7251486595914776
2046.3680165499877 16.259725912090392 0.5005760079209448 1.3852259551488406
1998.5654731712204 15.285523143483907 0.48183958492561496 1.3016057986818854
1780.7118398970927 16.129690247102076 0.5706540849563596 1.373761034408331
1805.4172430928554 11.622351084646011 0.4055617177325475 1.0299118570525618
2155.624800393053 6.857776411650215 0.20042444949380156 0.7595367354302832
1824.336247878333 10.658585680570146 0.3680740864831524 0.968386272649312
1427.008924183956 7.0081921310373305 0.30939967982879685 0.766873805351238
1052.039533917222 12.619755664275111 0.7557174243148631 1.09770393524786
2193.107633745082 7.228348337969442 0.20764413852065738 0.777740696019184
1217.3845569349953 11.83672638493416 0.6125539855116389 1.0441202463262367
1421.7067914534732 11.57412972937595 0.5128836531794452 1.0267425682675813
1928.0844689499124 11.600843819351379 0.3790566089758399 1.0284971119134265
1767.4524759628048 11.32748683529909 0.4037628622716421 1.0106841402053464
1864.443018390841 26.152506440836383 0.8836997910478946 2.6068530744997824
2401.3212903037443 17.376036453846815 0.45586998333483375 1.4876688879805013
1675.5832233441763 5.03796251597695 0.1894215900974997 0.6761387662351525
2207.8433452152412 7.84885030758993 0.22396406450203074 0.8092043795909951
1432.147640476856 7.899275529710673 0.34748816693652523 0.8118165257933924
1889.3466443579357 12.887765484772022 0.4297407402528606 1.1166689094824287
1646.3267256850525 8.57758117660525 0.3282383780177475 0.8477850551295444
1464.1253515363737 5.699915183631168 0.24526223536253172 0.7053583185426261
1806.2451038789725 6.723926025494602 0.23452373030462412 0.7530667471073851
2056.091349960712 6.060071402502159 0.18568459925913858 0.7217831219681956
2246.431778457162 17.73743128901278 0.4974369495321464 1.5224309034398014
1526.2477305243244 15.432391305627494 0.6370136595849551 1.3138812783420395
1782.1315425618907 17.20468739261085 0.6082016281336547 1.4714655865390387
1644.634815564689 17.487138693024495 0.6698689138976275 1.4982702915036277
1850.9686126801819 11.108155905596462 0.3780797887432864 0.9966150408635203
1822.4455641693746 18.952379208334936 0.6551635415619651 1.6453608108714715
1660.1345460118066 15.40660127583002 0.5846609738403628 1.3117173568286615
1892.0808343867632 5.050095197193837 0.16815137685506357 0.6766632746207221
1474.6577547551663 8.572557175856227 0.3662348774401617 0.8475128745437288
1949.7034247410577 5.889413240927446 0.1903022939130891 0.7139531743249588
1592.7144013466 20.233939612127234 0.8003557916511942 1.7858035564757526
2252.697658009545 6.656145394752455 0.18614888614920727 0.7498114537434502
1929.2577443617677 9.459520842922146 0.30890108636119323 0.8969452542251065
1477.1811959514198 6.80982353733107 0.29043077723145255 0.7572124498088805
1907.186518041727 21.78606493295895 0.7196580291400659 1.9720428336356344
1890.8445478487995 6.0859966221386665 0.20277594349622646 0.7229800841775285
1651.8249858558254 16.582151971942974 0.632437203201132 1.4140679092093076
2044.5835780477069 22.743501362350308 0.7007982462601178 2.096486657113422
2172.1054765877357 6.164009070072089 0.17878163634327363 0.726593889973571
1492.8211290465197 5.449739652559459 0.22998977669249407 0.6941696455948452
2213.0956737671568 10.168312278930378 0.28946045178524565 0.9385123789196989
2402.6022584886737 10.116293554884313 0.26526508568197793 0.935397297731168
1786.0987263944514 4.7662947821074795 0.16811868618199582 0.6645001753951174
1872.7179935546528 6.099651447561285 0.20519802902462275 0.7236113226009595
1985.5161176421968 4.654707143783594 0.14769285801950433 0.6597778615953814
1790.909832882835 14.614708821439702 0.5141111176259521 1.2469801616073068
2063.6232001183193 6.126810001072851 0.18704433544140164 0.7248684531587076
1760.5484947295515 6.175457856689742 0.22098445236591946 0.7271257551084767
1348.423433256443 16.8158883580064 0.785658970636508 1.4353510628848962
2039.117553926622 13.019944802194335 0.40226053714201915 1.1261425107493672
1950.2635141188307 6.6927328404761015 0.21619753735715097 0.7515668835154072
1786.9331638787369 13.646326343974717 0.48111399858083814 1.1721412600552787
1703.232618816255 6.78742146326084 0.2510564602048426 0.7561290555768728
1474.4025451404366 8.654334471620222 0.3697925464854251 0.851954131646002
1304.4219766530323 5.925437797911025 0.2861823765237671 0.7155989091557546
1772.7695193105567 4.447318563189951 0.1580470932227735 0.6510902797204484
2128.0393746217296 19.571818203472965 0.5794181073543218 1.7118079699732556
2244.2157831014556 6.192711164994096 0.17384282132418757 0.7279280107897471
1777.7681552992863 12.257639940355785 0.43438246654407514 1.0725903883803085
1725.6099790178512 16.09671622103977 0.5876722632901598 1.3708689095761082
1946.9246281949872 19.360883336826923 0.6264935131828524 1.688885012889965
1997.4831694433888 14.285649378852831 0.45056495325490925 1.2210284242391745
1934.091059345818 12.666794108086215 0.41260106392268203 1.1010090198031646
1755.2854942215195 14.50052756583123 0.5204470951618759 1.2379131940253099
1499.927790315511 5.092900019294424 0.21391209849379292 0.6785170236040268
2356.916213024633 5.242101033745663 0.14012053686972759 0.6850182649419656
2277.3693975047877 4.592705765393875 0.12705029914638866 0.6571685238771455
1490.901367928369 10.97914686173203 0.46393830414833337 0.9884313394500164
2342.0161139207366 5.724643074363383 0.15399232803788435 0.7064739776524928
2514.832672706907 6.978236517820859 0.17481437448858492 0.7654069818520592
1737.824149138652 5.737080147118088 0.20798194653215307 0.7070357733151013
1620.4271703700072 18.721446253287343 0.727864315980204 1.6212541313598918
1740.5366429606438 5.9302415265009145 0.21464944026346786 0.7158186476879458
1908.3233882473094 19.36804627920006 0.6394025892594014 1.6896583740752036
2003.9997094162816 11.72760405322645 0.3686822168095389 1.0368634992603023
1742.939483315351 6.789593249297022 0.24541550570193857 0.7562340181628159
1388.0818375478552 19.692054931093914 0.8937509497642612 1.7250134257481582
1508.2045041057315 7.61591921701598 0.31812854912305083 0.7972466603020248
1533.5829221844097 6.32259521269896 0.25973391633278575 0.7339959262119548
1427.1911055155952 7.340772456016051 0.3240411623515108 0.7833491989910094
1644.2955047247706 6.343739634899027 0.24305582290425032 0.7349885264529465
2071.8243810767513 4.236227560091702 0.12881513448889687 0.6423650675233623
1509.3346700948698 4.755181065905254 0.1984824261230288 0.6640283388388772
2187.8587832693784 13.378965811155728 0.38525102833340985 1.1522819863343403
1541.6675269182747 6.103211381265108 0.24940676916786658 0.7237759825924469
2001.0064920049736 10.237432471336344 0.32231691814650376 0.9426676178889727
2129.5774143706785 11.380201348399677 0.336664297860733 1.014095039334445
1876.4800153343485 4.928597967363501 0.16547027914314122 0.6714291353008637
1664.6768489787655 19.224552869802622 0.7275567216187162 1.6742331205615948
1852.1451161324753 11.474378067653419 0.3902965334442297 1.0202174341015122
1757.4506081277516 16.36858091599352 0.5867707421980821 1.3948969703526288
1675.010092860538 4.514075127045003 0.16978210114433823 0.653874178367376
1835.6906938274499 6.8717960995085985 0.23583665577472027 0.7602176194366521
1307.3254687975398 5.214072211499959 0.25126608267383854 0.6837922112915713
1965.8247959249015 11.963529921566689 0.38340262398821345 1.0526166344808379
1789.9116920610309 18.848004870807852 0.6633982626783171 1.6344212841569732
1633.7650944472498 5.230776909721766 0.2017052184750978 0.6845226538336331
1563.7158773173817 15.41535192852898 0.621063701906898 1.3124511836516133
1900.5287799035991 10.637425124471278 0.3526164875417898 0.9670774720893565
1742.7767627467754 15.46493121277909 0.5590450178309192 1.316616644926363
1495.5682502567608 14.739582450871751 0.6208969027294464 1.2569722420036729
1854.0827219421667 9.293208253872645 0.31577454072852257 0.8874615863598669
1807.7794408855834 6.427295724951659 0.22398729707513163 0.7389241200327488
2157.5030111893775 9.956594974430526 0.29073678235254347 0.9258983811106956
1933.0312122804296 8.952825167515396 0.2917842101929004 0.8683633407102214
1757.2835066371233 15.571851671600689 0.5582631667602762 1.3256447441444263
1491.8882282355569 13.515470574702896 0.5707362187670816 1.1623790215060263
1911.4754645781718 5.3314221526926175 0.1757174506520582 0.688940087725145
1402.5615373069422 18.69123858029632 0.8395696012166979 1.618127039702347
1502.0894392840182 6.500835384006366 0.2726552883479543 0.7424053595063164
2384.3474425760564 13.57666800375782 0.35872711709860594 1.1669343737981368
2019.7532475113935 4.744852681281622 0.14800110819926085 0.6635901441617512
2315.087592891217 9.62515308353533 0.26192730077458415 0.9064908491737008
1375.0180899153406 7.770680291544102 0.3560337583612591 0.8051715914849025
2012.82829765744 6.9822976861900425 0.2185406250209803 0.7656056787997619
1277.7255070583083 8.136317506832812 0.40117223934160334 0.8242092998043278
2056.607520277378 24.138729062965183 0.7394410046510487 2.2920269699143696
1752.242769041681 5.573033876988758 0.20037242581535233 0.6996614118486764
1189.7027049044434 5.037850773442145 0.266776394992182 0.6761339373795201
1722.9065431976303 11.751072026242745 0.42969105931845836 1.0384198745485795
1940.1757698094846 6.00984179496667 0.1951472845782827 0.7194696673013351
2287.5079367530757 5.519434825129453 0.1520101366191197 0.6972686868965468
1748.2655774626385 4.685069469702585 0.16882982791415774 0.6610594413800595
1343.7191175918877 12.547687507677889 0.588295799795116 1.0926594108123946
2078.07284837561 6.829942242227206 0.2070602874180569 0.7581867402292819
2049.111617486149 7.497972528189304 0.2305253970769209 0.7912593196010596
1791.6371216976459 20.086030319300896 0.7062925269805316 1.7690012305862661
1869.96100749021 21.510508700199402 0.7247006984019463 1.9376158259423084
1659.2947355091844 12.805100255539134 0.4861832553524065 1.1107846482773926
1516.4998644792904 5.787561657474434 0.2404328499864951 0.7093206667299266
1910.711615934297 5.479149014848468 0.18065854891799818 0.6954756687233872
1812.5406826108847 7.039857153547413 0.24469023229571268 0.7684273890716474
2036.4816077674905 18.106156401318298 0.5601267641859733 1.5587352950609865
1960.855077708796 17.754870300189822 0.5704433956531664 1.524128728405375
1662.9604372451372 16.09096433046205 0.6095940288864942 1.3703650400030896
1804.078339628142 6.676083634098356 0.23313470358215682 0.750767561929008
1623.8280652296298 8.62471320348823 0.334614817574865 0.850342743217515
1476.4502637472858 18.499141493525833 0.7893567041900771 1.5983818414224427
2648.9361989696026 16.397870555570666 0.3899927244011386 1.397510660723876
1568.2812618320727 12.44965155383352 0.5001195046960242 1.085834425605032
2108.9034970524735 18.712383198258024 0.5590014636221748 1.6203152918608705
1775.6687256795608 15.200421098230501 0.5393047224065014 1.2945453820884212
1797.54280605196 16.982005488140445 0.5951826805741851 1.4506715115837627
1704.1689442836882 15.234986645619902 0.5632095115296726 1.2974084519494609
1850.5546386071028 12.81589880657868 0.43630250518956926 1.1115515445878625
2253.825128569689 9.7129111310162 0.2714999462457631 0.9115895592943495
1432.0618368072912 18.50445972385559 0.8140576982359583 1.5989252330066301
2157.4085443623944 7.2881363931760905 0.21282598234345676 0.7807183258513575
1853.9334335892313 9.310988405664764 0.3164041701439261 0.8884706608608673
2018.9429192898046 8.38334886734464 0.26159777653768335 0.8373256794432903
1512.5587856442394 18.691230505929994 0.7785135579851467 1.6181262046525613
1818.1167351409697 18.730300532087483 0.6490281458357614 1.6221718691095939
2377.9421068842657 6.828153669892114 0.1809016628108094 0.7581000741224331
1775.7228655936754 12.13316956492612 0.43046676787303073 1.064091443992656
1926.929734046264 6.425406710016224 0.2100754457096894 0.7388349127245522
1620.1530295266843 5.246048311148629 0.20399372008637795 0.6851911056355557
1849.7771438271252 21.303212642266192 0.7255481564044015 1.9121137032996498
1418.507988014712 9.943802302402135 0.4416327227935478 0.9251416554259676
1984.089012295689 13.469981110592922 0.4277070255963324 1.1590044485369226
1783.82885061994 11.145888071589164 0.3936425561600725 0.9990213663188989
1430.625323156396 13.270415065476364 0.584385118586088 1.1443153069620893
1929.3774673569455 5.380466918176607 0.17568849101854622 0.6911030372541243
1665.8555367871668 15.876947555996079 0.6004408389198437 1.3517480856581807
1168.89934673174 13.171671835842172 0.7099117028153303 1.1371162641789128
1644.379699418937 19.185061545849457 0.735024202631309 1.670012648103142
1521.7932114828152 6.716778171162143 0.27806473415063826 0.7527227923009403
1304.4440761857372 8.441289246467171 0.40768418687786634 0.8404321807420243
941.6154542088117 7.771770856926297 0.5199803824351621 0.8052277152377666
2224.4502284823416 6.258986629312399 0.17726454500881692 0.7310179701155872
1541.3660626722622 13.478279964049223 0.5508955064593571 1.1596193560465737
1759.4011801700397 6.442913184072063 0.23070550092350792 0.7396620555338466
1873.7215156001828 13.028564765228722 0.4380584699356961 1.1267631079491385
2753.593563247069 8.99499322583763 0.20579819069577204 0.8707068240291655
1417.6053414357912 10.131793050400223 0.4502684516755013 0.936324384151208
1593.3181878771293 8.040670680633081 0.31792912221431835 0.819186189410532
1473.8723826207352 18.95872432039875 0.8103819884740121 1.6460282012277565
1955.2737582695956 10.880649846039088 0.35058054525679755 0.982228440417466
1270.9573981052558 5.492154860183515 0.2722402471612243 0.6960540210114381
1988.5580394036933 7.429031549442859 0.2353609893907082 0.7877805053008784
2175.8919081990916 17.23544768363178 0.4990290188484167 1.4743613224109724
1918.781970896243 21.454667753815755 0.7044281679690028 1.9307128382986973
2389.777126373764 5.863869721691982 0.15458503991422695 0.7127885458158101
1918.318893276172 4.8175310000457925 0.15821376418002608 0.666679765673201
1535.8084491787122 14.11709684321223 0.5790937675840846 1.2079451842631648
1718.1640124154953 8.05713988839742 0.29543152417412355 0.8200489202776776
1483.0650637468575 7.599154534933435 0.3228089902484029 0.7963928786884941
1446.358779466829 3.5790074718250473 0.15589318081098502 0.6159412967387493
1455.3160819562313 17.34146565574309 0.7507045032054227 1.4843854607385247
1942.8904761282329 8.853704119505604 0.2870894506829827 0.8628795124243043
1685.6811449545157 6.1807683752093565 0.23099766453678655 0.7273725928572797
1348.1356640487772 4.507882038609348 0.21065874600444778 0.6536154125314739
2436.833983479568 14.433332058138504 0.37314807895297475 1.2326081425512398
2029.5466124805275 12.25659645598403 0.38046210517099044 1.0725188569704982
2251.292196739099 7.804446923200543 0.21839908514488346 0.8069111390907495
1380.355391129077 20.683279372785627 0.9439935605421539 1.8378332277936849
2229.4172335484627 13.128185848836877 0.370982916984231 1.1339602260976156
1402.5987611105775 9.326884657788147 0.4189321634473687 0.8893737900659437
1169.9838485727178 6.365569732843226 0.34276617891635625 0.7360147232789013
1909.9269195544061 6.449042687464036 0.2127252541186358 0.7399518800491653
1549.9002119578256 5.987324840719703 0.2433714519522921 0.7184349991414871
1790.9567148436156 23.74899970812124 0.8354121398976878 2.2356402817171275
1689.9771702873236 5.923954469236732 0.2208367888771317 0.7155310703970972
1788.5766440785437 11.39583873309396 0.40140177529534593 1.0151090703494892
1441.2622797828376 8.43193544510922 0.3685740898748292 0.8399298931825638
1818.4995535511969 6.312123557264002 0.21867686650297358 0.7335048430019888
1955.1713948567792 6.879871843946902 0.2216848749469377 0.7606101052825673
1542.251366361414 12.389372226197988 0.5060980766656441 1.0816591312479646
1684.8424041035576 5.244269575018784 0.19609488841300332 0.6851132141523011
1331.2152754883768 5.867319571405394 0.2776719436778783 0.7129457268656237
1709.1262804567145 12.22718498361895 0.4507055229190847 1.070504645831146
1485.8855800882172 10.67307445137795 0.45252723321865074 0.9692834383940856
1975.6202837671499 4.3847121892239755 0.13982285472103823 0.6484902244486312
1902.2086106398374 6.0418362712310545 0.2001019672387687 0.7209423969338506
1571.703805221436 23.630407921352933 0.9471986350732867 2.2187590898241742
2096.7831186514495 9.073865887036394 0.2726336099324154 0.8751071511322497
2260.342710235087 14.497766480446803 0.4040800026174592 1.2376947585730274
1361.7553949989256 14.536303348768229 0.6725048524394655 1.240746982097044
1594.186406711526 14.499405829139715 0.572996083387817 1.2378244463540093
1817.7412491087227 17.072754151448606 0.5917143114118382 1.4591099252077215
1163.766097018924 7.388888530595778 0.39999444787053673 0.7857619081051636
2047.8616230543184 9.888592419045228 0.30421065338911585 0.9218829097224849
1730.4916906033454 19.660743288854587 0.7157658334470158 1.7215647270500454
2210.2109826171795 19.95387772231749 0.5687666500586462 1.7541226174593512
5000 60 0.756 1.7541226174593512 22.679233