25.993524771656244 2.580498837413959
6.454110972981303 0.7401916122154522
14.23283474261588 1.2169137193133897
6.854625463080425 0.7593837895494628
14.418404025384358 1.2314326716987702
7.128406345387502 0.772788612869896
7.048987074605879 0.7688759154525096
9.967926589996072 0.9265691977866495
4.42735040278626 0.6502598677814989
11.090435761822507 0.9954869601153625
4.93485639417373 0.6716977585749804
15.966105978591239 1.359472890888002
12.42971174399904 1.0844514983747275
6.076470133959015 0.7225400176098017
6.244734135282185 0.7303523712886374
13.828897505414481 1.1858987703089876
11.613103360586472 1.0293033046265108
8.055251115057114 0.8199499317627683
13.283504981482482 1.145273064693135
11.3568829769942 1.0125848037322138
12.729124906457756 1.1054039333336771
7.4087188772820305 0.786758432515898
6.908542507786734 0.7620051535240657
15.905370079404321 1.3542058731936353
16.220633583889455 1.3817692595279047
5.914768763657603 0.7151111132697806
21.490628481291324 1.9351554335721373
12.936625318335981 1.1201614874280474
10.250350860115802 0.9434462595869235
9.54115476282889 0.9016372915840822
6.05691775287557 0.7216376538526742
8.034506971220138 0.8188635401652099
5.5954233259754655 0.7006633329324381
8.062134564321696 0.8203107432889502
9.740211110868522 0.9131815188362051
7.008010667640885 0.7668649112547398
21.348075542956707 1.9176042458809814
7.688542877213619 0.8009557775635928
14.6385488721187 1.2488816297074938
16.03411122342539 1.3653946199976725
14.716205986090554 1.2550956427245514
14.352895138362314 1.226287576024403
3.7488814148033 0.6226651349226501
17.560830199498334 1.5053435927760628
8.65820992112354 0.8521651807436023
9.62285086889899 0.906357475933983
18.11019224832668 1.559137413968373
21.60303948828165 1.9491087405979772
17.08105920934307 1.4598846319940395
23.17330425369972 2.1548757288068963
6.513827884444962 0.7430221044328247
15.231632184476151 1.2971303241813303
19.20598522668086 1.6722474533772185
7.803615886479549 0.8068682816919496
17.220493033320313 1.4729527989823281
11.015850044346688 0.9907527456313244
16.628378970549495 1.418251980774196
16.1311028878852 1.3738850721802445
15.744810019118027 1.3403801712949228
5.494321647578912 0.696150421833259
11.356578928301731 1.0125651266027715
5.88379206213442 0.7136967197015731
12.67100511733417 1.1013053848167007
6.410387488338983 0.7381260243988498
10.288729002792536 0.9457632555690167
12.33458052493865 1.0778778723616718
6.139865377379485 0.7254735448833028
6.786074111095533 0.7560639452659778
7.766439504646779 0.8049533850997626
17.88227693960821 1.5365903497989655
15.726295181798976 1.3387949774512264
11.636512631069772 1.0308444641419143
14.530602130968328 1.2402949563692296
20.56817580824145 1.8243625393444753
10.568065585754074 0.9627999070496971
20.647579116811226 1.833644583599772
5.8041039818564375 0.710071010304125
13.370812229160206 1.1516816626511424
6.553383482859283 0.744902937284671
8.217369099859251 0.8284900102335621
12.533824219954639 1.0916916900135147
7.8347322415240495 0.8084745374650425
7.082706404353055 0.7705347179037911
14.882488564755244 1.2685055199921615
17.598468873556268 1.5089692258311231
6.49812564782986 0.7422767947538973
9.963820351092622 0.9263260577369444
6.6857867867867995 0.7512333029118974
5.889012004845313 0.7139348657071829
7.75349021211273 0.8042874552470571
10.659888604861482 0.9684669176231072
21.52553695179519 1.9394778107569541
10.728101332507828 0.9726983622710252
12.003843993176702 1.0553323103398324
6.202426130113862 0.7283801330925629
12.481997562112912 1.0880815375658222
5.743815060956834 0.7073401829003331
12.977015537911926 1.1230568899495934
11.611270517674264 1.0291827359229222
14.078314634590697 1.2049547583316067
6.687709083796831 0.751325605402258
22.31351685140211 2.039656034565536
6.863131105809915 0.7597967209672192
16.23274604276977 1.3828393669442254
6.106926378739001 0.7239478548047414
4.795578157187224 0.6657450170796789
12.160299790061918 1.0659381610034069
2.1166413156909627 0.5609809664199222
7.714321719580467 0.8022765292974614
6.371247074126131 0.7362818403945863
4.783446965572155 0.665229035199443
5.0015701043284135 0.6745679220383077
13.921039427257327 1.1929032475807946
5.687247734325318 0.7047874782901306
4.01197182290851 0.6332237613326333
7.465776432283315 0.7896327722631296
12.48955911794457 1.0886075172491556
5.648632997162206 0.7030502100867131
10.476212552751125 0.9571642210248786
4.600974363538587 0.6575159118817574
8.081760371792875 0.8213403461897408
10.196867016992032 0.9402267544639863
14.538563241413826 1.2409262051279737
6.285661507775593 0.732265331174493
19.042881453851322 1.6549056490729164
17.95556063942914 1.5438043205567675
18.148067154512795 1.5629162072329201
5.914084126906587 0.7150798225430033
13.69935141305888 1.1761203956176511
5.727088099490275 0.7065843867466999
15.326263472933245 1.304999401170232
5.4091026517846235 0.6923690556508748
9.323420409151762 0.889176894144566
11.76690168292708 1.0394710025759288
8.37249290806984 0.8367449105113226
18.008891510419115 1.5490754382535878
15.46706511419665 1.3167962235860435
21.93323299699957 1.9906793796268851
8.68902285587968 0.8538450519137184
11.864345715325573 1.0459650002945478
10.507964822411253 0.9591086558862352
16.82140856829305 1.4358575656132246
11.900363936914799 1.0483756317175759
13.986405524301876 1.19789734141354
6.170022236814194 0.7268731892830929
6.791219242846683 0.7563126120938588
6.27867822480977 0.7319385758934078
12.761186965252826 1.1076714416109095
8.289838873579212 0.8323362979288914
11.164966323054486 1.0002402705051658
18.230176031142033 1.5711397182142581
7.01211554021563 0.7670661293041124
3.974306042598034 0.6317012064884903
17.021866840458873 1.4543720580749688
12.833841908232138 1.1128270067805777
6.8233141747690205 0.7578656237922572
7.0351198415104825 0.768194761868676
16.797564666007 1.4336710668654098
11.956293231649115 1.052129889840109
20.23892213329012 1.7863723352808882
11.598517043336614 1.0283441734299197
5.5601489635206285 0.699085465495385
14.590490928739014 1.2450515212752566
15.818352717241694 1.3466952685041025
13.289585422793053 1.1457182286102812
14.057725755294943 1.2033701966415775
5.247578632832095 0.685258126049267
21.091511794141375 1.8864160817164917
5.586202605616234 0.7002505348282191
7.0437382839670715 0.7686180257030727
16.512603660406015 1.4077962363277594
5.505708293513047 0.6966572355544772
9.762225970059877 0.9144673087469142
13.136170915092936 1.1345390928268553
3.9311282539847223 0.6299603442324726
17.207255508031764 1.471707128010342
15.204412723134936 1.2948756860781363
6.389019004356575 0.7371186309666465
13.944699412583262 1.194708506575341
6.568380016629986 0.7456172528946922
13.504422288431009 1.1615585173730927
21.1040529066175 1.8879287337462953
11.011482058107207 0.9904761932880343
16.83270175047162 1.4368943199356978
12.633784909238521 1.098688639146126
6.720378190006045 0.7528960055952583
20.859661543048784 1.858668656250788
16.461892534244278 1.4032407907537912
15.073721870396746 1.2841047824330463
7.109030064384482 0.7718321818193724
17.635336491480373 1.512529050834104
5.373548975451702 0.6907975344698887
4.6071761651588945 0.6577765882305202
12.59668118257921 1.096086270988598
5.492990054861972 0.6960911774151827
14.993767163452722 1.277559525054455
3.222026028867271 0.6020471654974555
23.726790046692848 2.2324690565579113
9.686987600056144 0.9100804344058779
11.34028524249989 1.0115112066998946
13.053499483822343 1.1285602177472847
23.771107412719733 2.238801422632446
6.191648506017891 0.727878573003543
13.092906105742374 1.1314062012916626
15.134175012467251 1.2890758542086174
10.591897364600761 0.9642675307290485
10.312448222235222 0.9471980955778906
4.491240531449861 0.6529205875619862
15.946269799946435 1.3577504484782976
17.023271626953754 1.4545026441170006
12.144618778499593 1.0648703856557333
10.099451984521519 0.9343909770565118
11.601271673851851 1.0285252371727747
12.163548271859941 1.0661594954198885
14.324372935245167 1.2240541528138313
20.70900137706441 1.840857071614999
6.134747426785824 0.7252362774906197
15.141527287062612 1.2896817440243136
13.414583125356245 1.1549080531340352
12.344177610659514 1.0785392256968922
16.71421783498432 1.4260542448854994
7.401292598981829 0.7863850955606508
12.166066342064312 1.0663310950620406
6.670435549818447 0.7504965928718813
6.785609122046428 0.7560414761380688
16.57938686991263 1.4138180274993553
18.39949265984118 1.588234274567482
7.995324741494673 0.8168154530903445
15.510973138233364 1.3204967491343036
12.276973782479802 1.0739165969804298
22.794344306610405 2.1033103587885464
22.390088232820098 2.0496624371278505
11.718662490904563 1.0362711166236458
4.868609907891553 0.668859780213531
7.809677830850024 0.8071809545193817
26.0255121764986 2.5857798610048284
12.787960110821004 1.1095684681279383
15.284714766575602 1.3015385515801476
5.825208477235772 0.7110294418622946
13.138130503645751 1.1346811957370515
18.659456801840143 1.6148435079834786
6.803764131218565 0.7569192557741989
11.429375835361087 1.0172872574990677
5.903834656226275 0.7146115430523382
6.4190642661389825 0.7385354743630452
9.017818340419534 0.8719779633421129
6.168324754080217 0.7267943338041226
7.997861725743643 0.8169479080861856
23.667750529322603 2.2240609049278337
9.336030117925288 0.8898937959248122
18.904192494778684 1.640301267994611
18.43916671903446 1.5922666722319114
6.9459483869355125 0.7638290846569828
13.539913286845652 1.1641963266171966
6.983531525926212 0.765666055926213
20.559043764155906 1.8232980438481632
7.049884118413438 0.7689199987198833
15.796815325544335 1.344842782297407
12.152225024796655 1.0653881881267222
6.515229391442649 0.7430886635989454
5.815934619203425 0.7106081231556964
9.12856163178073 0.8781716926628741
15.06622430488211 1.2834895940894817
7.539962065159862 0.7933856670330054
13.041706879121783 1.1277099372064734
7.072140916494124 0.7700145703533947
13.114290558576378 1.13295360963465
8.110816982958415 0.822867078381463
14.001182838129047 1.199029250689516
7.737341950657838 0.8034577871549474
14.007475679523262 1.199511592955539
5.094786703098167 0.6785988469944928
6.118977991497344 0.7245056967171721
6.6401796568828715 0.7490467188296259
6.902114953941931 0.7616921812637869
6.5790077707172845 0.7461238892712024
-0.43825490716448634 0.47646537846765874
9.664362270527413 0.9087653545131439
6.656275676208575 0.7498176972403294
8.015544137562756 0.817871696929698
14.030713816965495 1.2012944631934652
7.082159053420005 0.7705077627450044
18.67671770909591 1.6166259895897506
5.500295160925512 0.6964162538293917
5.445636129624678 0.693987609734396
6.837861577630203 0.7585705943899185
18.12125058084901 1.5602397625260458
8.951232339632671 0.8682749432797926
5.324445478342222 0.6886329561254417
21.837567885119473 1.9785449519712304
14.21323584115812 1.2153903298186288
13.316116847821593 1.1476626844649134
17.489166595815824 1.498464494918689
14.07901175441286 1.2050084465836537
8.701425597442263 0.8545221636184324
18.560204691851816 1.604632118194517
4.613835556235779 0.6580566132104696
10.28734750860781 0.9456797522492326
15.006439663826265 1.2785946928731193
4.168733501342395 0.6396000206940333
14.327197986500959 1.2242751860531762
6.550304017341759 0.744756340747763
1.3632115036071593 0.5346074674985941
11.357480576587266 1.0126234797195326
15.672676892010125 1.3342148821544908
6.366712444377973 0.736068479705211
20.33685769538716 1.7975890000179875
16.490663477285082 1.4058235092712483
16.885069393194343 1.4417116484326553
3.675069562778395 0.6197345921441656
14.46324040960612 1.2349665784506194
20.39054906619018 1.8037681919493416
6.874458564435532 0.7603469943866554
5.408774941637542 0.6923545541014529
14.113183470100001 1.207643094791782
5.900429088384105 0.7144560167966683
5.527091399208501 0.6976099837895077
16.387056031843393 1.3965450460379725
2.2441677017450665 0.5655720022867389
-1.027984751810557 0.4588408724344468
14.507655731665134 1.2384772969301245
13.039715474375587 1.1275664144640094
5.978595249106256 0.7180342693078499
10.243808516499964 0.9430518466617218
11.29240055384225 1.008420239614403
14.861628860295792 1.2668154586894593
14.26574428423418 1.2194760186007527
16.29776598167311 1.3885979071953003
16.02474778516608 1.3645777461161979
14.21971928360053 1.2158940656423145
3.501527543744823 0.6128986952088277
7.57549651872369 0.7951895928351448
5.191611987464419 0.6828113265673308
24.148900975244796 2.2935175486665242
17.56790660737856 1.50602457868726
5.299231962668496 0.6875241318008064
9.757102299150024 0.9141678963890593
6.864729352529277 0.7598743376066165
20.9434305898924 1.8686465777286352
5.749179548199031 0.7075827447063958
21.131730599713524 1.8912713851441592
16.060332664499683 1.3676848026872432
6.011332551763014 0.7195382210792755
7.087659285826064 0.7707786732298573
16.741896769047937 1.4285792428079045
11.722033772121287 1.0364944258055997
10.67208178710269 0.9692219446657765
7.206517778786636 0.7766562993900274
4.312867614361538 0.6455192965710171
10.30792143608724 0.9469240900104227
5.964608941745443 0.7173926970728784
7.801100354450852 0.806738567050375
13.272223942112525 1.1444476104148835
7.903408924676372 0.8120310190177362
9.353204609410529 0.8908711498522978
4.858456717014917 0.6684258817173716
22.036409501791674 2.0038500014212897
6.814538980641288 0.7574406926349622
17.32986796179608 1.4832855718803513
20.809137463848188 1.852676394381084
7.132292791670489 0.7729805940866278
14.561929904514656 1.242780839936466
4.950891492283243 0.6723865052274435
16.284350723542197 1.3874078145124293
8.388163213250618 0.8375833649163779
7.6418713333423725 0.7985701395422939
7.458933697868013 0.7892875082601304
17.54459033792013 1.5037819416767717
6.595126335431385 0.7468929355086057
19.01868335429618 1.6523481815825276
4.596493657361112 0.6573276415163705
20.684170497386177 1.8379379040824675
6.714255564914355 0.7526014419768405
10.02380706044564 0.9298843624368069
14.232964749382603 1.2169238308920771
4.169116596859338 0.6396156814337834
19.868639971292342 1.7445924418406473
12.234808542105084 1.0710263730782215
6.453937589272398 0.7401834098057387
17.541584020375915 1.5034930271290192
11.811300612128147 1.0424248811061123
6.40341155055738 0.7377970002909819
8.043842076675428 0.8193522507489357
6.849518306776395 0.7591359554788244
6.151165377270132 0.7259976860532336
13.495285139039042 1.1608803819489866
10.765343133864757 0.9750163826372616
15.390788320706493 1.3103923281530312
5.761713248764561 0.7081497954537889
5.720947720681918 0.7063071406755211
3.1234057372547905 0.5982643059025106
0.1631192600386555 0.49513521431848406
15.820807525115072 1.3469065747470612
8.83065686548186 0.8616094035851294
20.19351275967219 1.7811953271609204
19.67698662603194 1.723352924562362
22.982348437583486 2.128736123092635
6.077708590771071 0.722597211729051
6.6307913882012555 0.7485973990437191
5.99589096667673 0.7188284425240772
